L  9 1
 83.40930915173118 70.27615028370673
 79.86582320224034 67.64711232118127
 77.52255023564156 66.9041233317719
 66.14910339775969 66.96127633095723
 62.96170825360203 65.76616250040885
 57.519000520773936 62.7891073904277
 57.118929526476585 61.76035340509165
 56.01000553484834 56.056739044012275
 57.69045951832994 52.444414537881876	
 1  8
L  14  1
 75.46114753758656 36.47061221500002
 71.90204949278655 38.88129126543154
 71.23572032525459 40.842355703258654
 67.63508137657841 47.01487961527495
 64.77743141731162 48.44370459490835
 61.69116946130346 50.32975356802444
 57.69045951832994 52.444414537881876
 52.48953659246436 52.15864954195519
 48.48882664949083 50.44405956639511
 40.88747775784114 50.38690656720978
 36.65815581812628 51.12989555661915
 31.845960002355593 56.85477517783144
 28.885347928920563 61.53174140835031
 28.750220852899616 62.84440395304833
 1  9